%%%%% Spacecraft Geometry
% Each row is one triangular surface
% Columns 1-3 are inward surface normal
% Columns 4-6, 7-9, 10-12 are coordinates of the vertices in body-fixed frame (m)
% Columns 13-18 are the coefficients of diffuse reflection, specular reflection, and absorption in (1) visible and (2) infrared spectrum
-1.0000000000000000	0.0000000000000000	0.0000000000000000	1.7406500000000000	1.5123499999999999	1.0269500000000000	1.7406500000000000	1.5123499999999999	-1.1249499999999999	1.7406500000000000	-0.6763500000000000	-1.1249499999999999	0.3750000000000000	0.2010000000000000	0.4240000000000000	0.15	0.081	0.769
-1.0000000000000000	0.0000000000000000	0.0000000000000000	1.7406500000000000	-0.6763500000000000	-1.1249499999999999	1.7406500000000000	-0.6763500000000000	1.0269500000000000	1.7406500000000000	1.5123499999999999	1.0269500000000000	0.3750000000000000	0.2010000000000000	0.4240000000000000	0.15	0.081	0.769
1.0000000000000000	0.0000000000000000	0.0000000000000000	-2.0606499999999999	1.5123499999999999	1.0269500000000000	-2.0606499999999999	1.5123499999999999	-1.1249499999999999	-2.0606499999999999	-0.6763500000000000	-1.1249499999999999	0.3860000000000000	0.2240000000000000	0.3700000000000000	0.003	0.002	0.995
1.0000000000000000	0.0000000000000000	0.0000000000000000	-2.0606499999999999	-0.6763500000000000	-1.1249499999999999	-2.0606499999999999	-0.6763500000000000	1.0269500000000000	-2.0606499999999999	1.5123499999999999	1.0269500000000000	0.3860000000000000	0.2240000000000000	0.3700000000000000	0.003	0.002	0.995
0.0000000000000000	-1.0000000000000000	0.0000000000000000	-2.0606499999999999	1.5123499999999999	1.0269500000000000	-2.0606499999999999	1.5123499999999999	-1.1249499999999999	1.7406500000000000	1.5123499999999999	-1.1249499999999999	0.3020000000000000	0.8860000000000000	-0.1880000000000000	0.032	0.095	0.873
0.0000000000000000	-1.0000000000000000	0.0000000000000000	1.7406500000000000	1.5123499999999999	-1.1249499999999999	1.7406500000000000	1.5123499999999999	1.0269500000000000	-2.0606499999999999	1.5123499999999999	1.0269500000000000	0.3020000000000000	0.8860000000000000	-0.1880000000000000	0.032	0.095	0.873
0.0000000000000000	1.0000000000000000	0.0000000000000000	-2.0606499999999999	-0.6763500000000000	1.0269500000000000	-2.0606499999999999	-0.6763500000000000	-1.1249499999999999	1.7406500000000000	-0.6763500000000000	-1.1249499999999999	0.3390000000000000	0.7820000000000000	-0.1210000000000000	0.086	0.200	0.714
0.0000000000000000	1.0000000000000000	0.0000000000000000	1.7406500000000000	-0.6763500000000000	-1.1249499999999999	1.7406500000000000	-0.6763500000000000	1.0269500000000000	-2.0606499999999999	-0.6763500000000000	1.0269500000000000	0.3390000000000000	0.7820000000000000	-0.1210000000000000	0.086	0.200	0.714
0.0000000000000000	0.0000000000000000	-1.0000000000000000	-2.0606499999999999	1.5123499999999999	1.0269500000000000	-2.0606499999999999	-0.6763500000000000	1.0269500000000000	1.7406500000000000	-0.6763500000000000	1.0269500000000000	0.3900000000000000	0.2390000000000000	0.3710000000000000	0.143	0.087	0.770
0.0000000000000000	0.0000000000000000	-1.0000000000000000	1.7406500000000000	-0.6763500000000000	1.0269500000000000	1.7406500000000000	1.5123499999999999	1.0269500000000000	-2.0606499999999999	1.5123499999999999	1.0269500000000000	0.3900000000000000	0.2390000000000000	0.3710000000000000	0.143	0.087	0.770
0.0000000000000000	0.0000000000000000	1.0000000000000000	-2.0606499999999999	1.5123499999999999	-1.1249499999999999	-2.0606499999999999	-0.6763500000000000	-1.1249499999999999	1.7406500000000000	-0.6763500000000000	-1.1249499999999999	0.3630000000000000	0.2750000000000000	0.3620000000000000	0.145	0.109	0.746
0.0000000000000000	0.0000000000000000	1.0000000000000000	1.7406500000000000	-0.6763500000000000	-1.1249499999999999	1.7406500000000000	1.5123499999999999	-1.1249499999999999	-2.0606499999999999	1.5123499999999999	-1.1249499999999999	0.3630000000000000	0.2750000000000000	0.3620000000000000	0.145	0.109	0.746
-0.9659258262890682	0.0000000000000000	-0.2588190451025211	0.2670514244191599	-1.8490772727272728	-1.6427776133769625	-0.5870514244191598	-1.8490772727272728	1.5447776133769626	-0.5870514244191598	-9.5763500000000015	1.5447776133769626	0.2200000000000000	0.0500000000000000	0.7300000000000000	0.106	0.024	0.870
-0.9659258262890682	0.0000000000000000	-0.2588190451025211	0.2670514244191599	-1.8490772727272728	-1.6427776133769625	0.2670514244191599	-9.5763500000000015	-1.6427776133769625	-0.5870514244191598	-9.5763500000000015	1.5447776133769626	0.2200000000000000	0.0500000000000000	0.7300000000000000	0.106	0.024	0.870
0.9659258262890682	0.0000000000000000	0.2588190451025211	0.2670514244191599	-1.8490772727272728	-1.6427776133769625	-0.5870514244191598	-1.8490772727272728	1.5447776133769626	-0.5870514244191598	-9.5763500000000015	1.5447776133769626	0.6600000000000000	0.1700000000000000	0.1700000000000000	0.095	0.025	0.880
0.9659258262890682	0.0000000000000000	0.2588190451025211	0.2670514244191599	-1.8490772727272728	-1.6427776133769625	0.2670514244191599	-9.5763500000000015	-1.6427776133769625	-0.5870514244191598	-9.5763500000000015	1.5447776133769626	0.6600000000000000	0.1700000000000000	0.1700000000000000	0.095	0.025	0.880
